4	20	4					
360	70											
0	6.229	10.59	2	5	2		
1	32.663	44.73	2	5	2		
2	48.807	48.792	2	5	2		
3	33.179	-4.968	2	5	2		
4	33.588	30.75	12	4	1 0 0 1	3	54
5	48.828	65.314	1	12	1 0 0 1	3	126
6	86.176	59.344	1	3	0 1 1 0	3	52
7	39.27	-33.057	15	15	1 0 1 0	4	57
8	-23.37	86.853	10	13	0 1 0 1	2	143
9	48.132	95.593	12	20	1 1 1 0	2	147
10	-16.357	93.311	15	21	1 1 0 1	4	145
11	-57.703	-65.601	16	4	1 0 1 1	3	103
12	7.147	32.684	18	25	1 0 0 1	1	137
13	42.95	68.701	9	21	0 1 1 0	1	60
14	37.085	-2.112	5	7	1 0 1 0	4	109
15	77.759	55.817	19	3	1 0 1 0	3	141
16	-17.462	-56.567	11	9	1 0 1 0	1	132
17	58.575	59.888	12	5	0 1 0 1	1	135
18	57.776	15.344	13	20	0 1 0 1	1	88
19	-22.327	36.072	8	21	0 1 0 1	2	105
20	-7.08	30.493	14	19	1 0 0 0	4	102
21	55.658	60.425	9	2	0 1 0 0	2	77
22	-14.307	11.456	2	16	0 0 1 0	2	121
23	-29.724	24.268	25	18	0 0 0 1	4	57
393 594 501 284
469.546 518.932 355.691 388.043 