8	50	5					
360	70	
1	-50	0	2	5	2
2	-35	35	2	5	2
3	0	50	2	5	2
4	35	35	2	10	2
5	50	0	2	6	2
6	35	-35	2	9	2
7	0	-50	2	5	2
8	-35	0.35	2	5	2					
1	-29.73	64.136	2	12	1 0 1 0 1	1	147
2	-30.664	5.463	7	8	1 0 1 0 1	5	64
3	51.642	5.469	21	16	1 0 1 0 1	4	143
4	-13.171	69.336	24	5	1 0 1 0 1	4	51
5	-67.413	68.323	1	12	1 0 1 0 1	4	141
6	48.907	6.274	17	5	1 0 1 0 1	5	66
7	5.243	22.26	6	13	1 0 1 0 1	6	107
8	-65.002	77.234	5	20	1 0 1 0 1	2	85
9	-4.175	-1.569	7	13	1 0 1 0 1	3	111
10	23.029	11.639	1	18	1 0 1 0 1	6	136
11	25.482	6.287	4	7	1 0 0 1 0	6	146
12	-42.615	-26.392	10	6	1 0 0 1 0	3	144
13	-76.672	99.341	2	9	1 0 0 1 0	4	120
14	-20.673	57.892	16	9	1 0 0 1 0	8	83
15	-52.039	6.567	23	4	1 0 0 1 0	4	110
16	-41.376	50.824	18	25	1 0 0 1 0	6	72
17	-91.943	27.588	3	5	1 0 0 1 0	1	95
18	-65.118	30.212	15	17	1 0 0 1 0	2	135
19	18.597	96.716	13	3	1 0 0 1 0	1	141
20	-40.942	83.209	10	16	1 0 0 1 0	7	84
21	-37.756	-33.325	4	25	0 1 0 0 1	3	143
22	23.767	29.083	23	21	0 1 0 0 1	8	92
23	-43.03	20.453	20	14	0 1 0 0 1	5	69
24	-35.297	-24.896	10	19	0 1 0 0 1	2	113
25	-54.755	14.368	4	14	0 1 0 0 1	6	82
26	-49.329	33.374	2	6	0 1 0 0 1	2	142
27	57.404	23.822	23	16	0 1 0 0 1	7	99
28	-22.754	55.408	6	9	0 1 0 0 1	7	130
29	-56.622	73.34	8	20	0 1 0 0 1	5	102
30	-38.562	-3.705	10	13	0 1 0 0 1	6	83
31	-16.779	19.537	7	10	1 0 0 0 0	8	123
32	-11.56	11.615	1	16	0 1 0 0 0	7	117
33	-46.545	97.974	21	19	0 0 1 0 0	4	70
34	16.229	9.32	6	22	0 0 0 1 0	6	134
35	1.294	7.349	4	14	0 0 0 0 1	5	104
36	-26.404	29.529	13	10	0 1 1 1 1	3	71
37	4.352	14.685	9	11	0 1 1 1 1	2	68
38	-50.665	-23.126	22	15	0 1 1 1 1	8	87
39	-22.833	-9.814	22	13	0 1 1 1 1	1	110
40	-71.1	-18.616	18	15	0 1 1 1 1	4	148
41	-7.849	32.074	10	8	0 1 1 1 0	6	123
42	11.877	-24.933	25	22	0 1 1 1 0	3	97
43	-18.927	-23.73	23	24	0 1 1 1 0	4	73
44	-11.92	11.755	4	3	0 1 1 1 0	4	106
45	29.84	11.633	9	25	0 1 1 1 0	8	59
46	12.268	-55.811	17	19	0 1 1 1 0	1	61
47	-37.933	-21.613	10	21	0 1 1 1 0	6	149
48	42.883	-2.966	17	10	0 1 1 1 0	5	108
49	-10	0	12	18	0 1 1 1 0	7	107
50	10	0	3	4	0 1 1 1 0	4	86
414.939 453.193 465.844 840.97 421.262 901.597 413.509 350.59 414.939 453.193 465.844	