8	50	5					
360	70	
1	-50	0	2	5	2
2	-35	35	2	6	2
3	0	50	2	7	2
4	35	35	2	8	2
5	50	0	2	5	2
6	35	-35	3	11	2
7	0	-50	2	4	2
8	-35	0.35	2	4	2
1	-55.28	-24.371	25	9	1 0 1 0 1	6	83
2	-48.297	53.314	13	22	1 0 1 0 1	6	61
3	-49.072	-38.489	20	10	1 0 1 0 1	4	75
4	25.311	-18.561	16	24	1 0 1 0 1	3	103
5	-24.469	-3.815	4	25	1 0 1 0 1	5	68
6	24.591	-17.896	2	6	1 0 1 0 1	1	85
7	-10.419	60.364	7	22	1 0 1 0 1	6	73
8	38.177	-35.175	15	1	1 0 1 0 1	7	116
9	-68.28	93.073	10	19	1 0 1 0 1	1	97
10	-30.792	-57.336	4	19	1 0 1 0 1	8	67
11	-37.061	-12.122	19	5	1 0 0 1 0	2	139
12	-15.741	-47.638	10	9	1 0 0 1 0	4	74
13	-63.379	-22.919	15	8	1 0 0 1 0	2	52
14	-43.109	-43.439	4	14	1 0 0 1 0	3	115
15	-25.623	13.599	17	4	1 0 0 1 0	2	83
16	-2.625	16.632	4	7	1 0 0 1 0	7	67
17	-41.577	-28.497	3	10	1 0 0 1 0	7	111
18	2.081	12.885	9	22	1 0 0 1 0	7	107
19	3.925	-47.845	25	17	1 0 0 1 0	2	93
20	-83.295	26.324	14	10	1 0 0 1 0	2	87
21	-6.458	26.355	23	8	0 1 0 0 1	4	85
22	3.29	6.732	7	14	0 1 0 0 1	3	97
23	-34.869	30.426	7	12	0 1 0 0 1	2	147
24	15.546	-36.273	1	17	0 1 0 0 1	3	150
25	12.842	5.127	10	19	0 1 0 0 1	8	96
26	-48.45	-24.426	15	25	0 1 0 0 1	3	131
27	-88.538	-10.461	1	25	0 1 0 0 1	6	64
28	-29.773	0.995	2	6	0 1 0 0 1	1	140
29	9.827	38.416	9	21	0 1 0 0 1	6	72
30	1.41	92.938	10	3	0 1 0 0 1	8	77
31	-79.303	15.381	2	19	1 0 0 0 0	1	116
32	-30.652	40.063	23	16	0 1 0 0 0	4	57
33	18.927	21.637	15	21	0 0 1 0 0	5	83
34	45.087	-59.906	13	17	0 0 0 1 0	4	129
35	-34.949	-3.815	16	19	0 0 0 0 1	4	50
36	81.201	-74.744	21	6	0 1 1 1 1	8	87
37	15.594	-28.455	1	10	0 1 1 1 1	6	108
38	-72.192	29.547	18	22	0 1 1 1 1	4	145
39	-42.914	-22.675	17	17	0 1 1 1 1	3	93
40	-76.392	-57.489	13	16	0 1 1 1 1	5	101
41	-28.54	12.073	5	5	0 1 1 1 0	3	110
42	-61.389	26.526	23	1	0 1 1 1 0	6	148
43	-8.472	12.616	20	21	0 1 1 1 0	6	91
44	-61.475	33.392	1	20	0 1 1 1 0	6	131
45	-34.674	-27.588	2	6	0 1 1 1 0	6	117
46	10.315	-12.518	15	1	0 1 1 1 0	5	64
47	-83.014	77.002	20	11	0 1 1 1 0	6	87
48	-40.417	49.988	9	22	0 1 1 1 0	4	55
49	83.832	33.905	13	25	0 1 1 1 0	5	73
50	-20.563	-75.83	4	18	0 1 1 1 0	1	142
438.68 543.86 661.622 515.595 230.697 753.355 345.733 155.417
